header: 
  seq: 0
  stamp: 
    secs: 0
    nsecs: 0
  frame_id: ''
height: 768
width: 1024
distortion_model: plumb_bob
D: [0.04235156804433865, -0.34975165654364376, 0.007473418644608015, -0.00975258366462084, 0.4171776113115565]
K: [874.7155146733593, 0.0, 527.3062846436713, 0.0, 853.3705716466336, 756.0557310492346, 0.0, 0.0, 1.0]
R: [1.0, 0.0, 0.0, 0.0, 1.0, 0.0, 0.0, 0.0, 1.0]
P: [1003.7445068359375, 0.0, 508.39570103835285, 0.0, 0.0, 988.3802490234375, 755.8279217703748, 0.0, 0.0, 0.0, 1.0, 0.0]
binning_x: 0
binning_y: 0
roi: 
  x_offset: 0
  y_offset: 0
  height: 0
  width: 0
  do_rectify: False
